-0.026 -1.575 -0.004 -1.56 -0.004 0.0 0.0
-0.127 -1.596 -0.021 -1.523 -0.019 0.0 0.0
-0.311 -1.635 -0.051 -1.455 -0.047 0.0 0.0
-0.564 -1.687 -0.092 -1.361 -0.085 0.0 0.0
-0.893 -1.756 -0.145 -1.239 -0.134 0.0 0.0
-1.314 -1.843 -0.214 -1.083 -0.198 0.0 0.0
-1.775 -1.939 -0.289 -0.913 -0.267 0.0 0.0
-2.352 -2.059 -0.383 -0.699 -0.354 0.0 0.0
-2.972 -2.188 -0.484 -0.469 -0.447 0.0 0.0
-3.546 -2.307 -0.577 -0.256 -0.534 0.0 0.0
-4.045 -2.411 -0.658 -0.072 -0.609 0.0 0.0
-4.468 -2.499 -0.727 0.085 -0.672 0.0 0.0
-4.841 -2.577 -0.788 0.223 -0.728 0.0 0.0
-5.11 -2.632 -0.832 0.323 -0.769 0.0 0.0
-5.295 -2.671 -0.862 0.391 -0.797 0.0 0.0
-5.415 -2.696 -0.882 0.436 -0.815 0.0 0.0
-5.46 -2.705 -0.889 0.453 -0.822 0.0 0.0
-5.467 -2.696 -0.909 0.463 -0.816 0.0 0.0
-5.494 -2.653 -1.0 0.511 -0.789 0.0 0.0
-5.543 -2.592 -1.127 0.577 -0.741 0.0 0.0
-5.575 -2.56 -1.195 0.613 -0.708 0.0 0.0

-5.574 -2.56 -1.194 0.613 -0.709 0.0 254.97

-5.549 -2.586 -1.14 0.584 -0.735 0.0 254.97
-5.498 -2.648 -1.01 0.516 -0.786 0.0 254.97
-5.444 -2.74 -0.817 0.415 -0.84 0.0 254.97
-5.422 -2.789 -0.716 0.363 -0.861 0.0 254.97
-5.417 -2.802 -0.688 0.348 -0.866 0.0 254.97
